# unix_time, cycles_done, cur_path, paths_total, pending_total, pending_favs, map_size, unique_crashes, unique_hangs, max_depth, execs_per_sec
1436789771, 0, 0, 1, 1, 1, 0.00%, 0, 0, 1, 2000.00
1436789777, 6, 0, 1, 0, 0, 0.00%, 0, 0, 1, 5579.99
1436789782, 13, 0, 1, 0, 0, 0.00%, 0, 0, 1, 6296.29
1436789787, 19, 0, 1, 0, 0, 0.00%, 0, 0, 1, 6377.75
1436789792, 26, 0, 1, 0, 0, 0.00%, 0, 0, 1, 6280.13
1436789797, 31, 0, 1, 0, 0, 0.00%, 0, 0, 1, 5199.66
1436789802, 37, 0, 1, 0, 0, 0.00%, 0, 0, 1, 6031.29
1436789807, 44, 0, 1, 0, 0, 0.00%, 0, 0, 1, 6274.42
1436789812, 50, 0, 1, 0, 0, 0.00%, 0, 0, 1, 6223.08
1436789818, 56, 0, 1, 0, 0, 0.00%, 0, 0, 1, 5114.21
1436789823, 58, 0, 1, 0, 0, 0.00%, 0, 0, 1, 2620.37
1436789828, 60, 0, 1, 0, 0, 0.00%, 0, 0, 1, 2625.90
