# unix_time, cycles_done, cur_path, paths_total, pending_total, pending_favs, map_size, unique_crashes, unique_hangs, max_depth, execs_per_sec
1436792681, 0, 0, 1, 1, 1, 0.00%, 0, 0, 1, 5000.00
1436792686, 0, 0, 5, 5, 1, 0.02%, 0, 0, 2, 6164.63
1436792691, 0, 2, 9, 7, 3, 0.03%, 0, 0, 3, 6451.80
1436792701, 0, 2, 10, 8, 3, 0.03%, 0, 0, 3, 6533.45
1436792706, 0, 2, 11, 9, 3, 0.04%, 0, 0, 3, 4775.46
1436792722, 0, 3, 12, 9, 8, 0.04%, 0, 0, 3, 4779.70
1436792727, 0, 3, 15, 12, 8, 0.04%, 0, 0, 3, 6061.25
1436792742, 0, 6, 17, 11, 6, 0.04%, 0, 0, 4, 6152.83
1436792747, 0, 10, 18, 9, 3, 0.04%, 0, 0, 4, 4130.81
1436792752, 0, 12, 21, 11, 2, 0.04%, 0, 0, 4, 3897.80
1436792757, 0, 12, 22, 12, 2, 0.04%, 0, 0, 4, 5749.39
1436792762, 0, 14, 22, 11, 1, 0.04%, 0, 1, 4, 4133.78
1436792767, 1, 4, 22, 10, 0, 0.04%, 0, 1, 4, 3480.85
1436792773, 1, 10, 22, 9, 0, 0.04%, 0, 1, 4, 5563.90
1436792778, 1, 16, 22, 9, 0, 0.04%, 0, 1, 4, 4493.91
1436792783, 2, 3, 22, 8, 0, 0.04%, 0, 1, 4, 3591.16
1436792788, 2, 10, 22, 8, 0, 0.04%, 0, 1, 4, 5419.96
1436792793, 2, 15, 22, 8, 0, 0.04%, 0, 1, 4, 4966.67
1436792798, 2, 17, 22, 7, 0, 0.04%, 0, 2, 4, 3406.02
1436792803, 3, 4, 22, 6, 0, 0.04%, 0, 2, 4, 5281.79
1436792808, 3, 10, 22, 6, 0, 0.04%, 0, 2, 4, 4557.26
1436792813, 3, 12, 22, 5, 0, 0.04%, 0, 3, 4, 2578.52
1436792819, 4, 1, 22, 5, 0, 0.04%, 0, 3, 4, 2532.39
1436792824, 4, 5, 22, 5, 0, 0.04%, 0, 3, 4, 2653.40
1436792829, 4, 7, 22, 5, 0, 0.04%, 0, 3, 4, 2574.74
1436792834, 4, 12, 22, 5, 0, 0.04%, 0, 3, 4, 2730.88
1436792839, 5, 2, 22, 5, 0, 0.04%, 0, 3, 4, 2752.23
1436792844, 5, 5, 22, 5, 0, 0.04%, 0, 3, 4, 2668.53
1436792849, 5, 9, 22, 5, 0, 0.04%, 0, 3, 4, 2667.52
1436792854, 5, 12, 22, 5, 0, 0.04%, 0, 4, 4, 2654.42
1436792859, 5, 19, 22, 5, 0, 0.04%, 0, 4, 4, 2647.35
1436792864, 6, 1, 22, 4, 0, 0.04%, 0, 4, 4, 2639.29
1436792869, 6, 5, 22, 4, 0, 0.04%, 0, 4, 4, 2898.64
1436792874, 6, 9, 22, 4, 0, 0.04%, 0, 4, 4, 2757.98
1436792879, 6, 12, 22, 4, 0, 0.04%, 0, 4, 4, 2769.28
1436792884, 6, 20, 22, 4, 0, 0.04%, 0, 4, 4, 2737.69
1436792889, 7, 0, 22, 3, 0, 0.04%, 0, 4, 4, 2743.28
1436792894, 7, 4, 22, 3, 0, 0.04%, 0, 4, 4, 2694.20
1436792899, 7, 7, 22, 3, 0, 0.04%, 0, 4, 4, 2834.36
1436792904, 7, 12, 22, 3, 0, 0.04%, 0, 4, 4, 2788.37
1436792909, 8, 2, 22, 3, 0, 0.04%, 0, 4, 4, 2699.66
1436792915, 8, 5, 22, 3, 0, 0.04%, 0, 4, 4, 2764.55
1436792920, 8, 9, 22, 3, 0, 0.04%, 0, 4, 4, 2780.36
1436792925, 8, 12, 22, 3, 0, 0.04%, 0, 4, 4, 2707.18
1436792930, 8, 16, 22, 3, 0, 0.04%, 0, 4, 4, 2689.60
1436792935, 8, 18, 22, 3, 0, 0.04%, 0, 4, 4, 2758.10
1436792940, 9, 1, 22, 2, 0, 0.04%, 0, 4, 4, 2729.50
1436792945, 9, 5, 22, 2, 0, 0.04%, 0, 4, 4, 2708.76
1436792950, 9, 9, 22, 2, 0, 0.04%, 0, 4, 4, 2707.70
1436792955, 9, 12, 22, 2, 0, 0.04%, 0, 4, 4, 2664.74
1436792960, 10, 2, 22, 2, 0, 0.04%, 0, 4, 4, 2903.20
1436792965, 10, 5, 22, 2, 0, 0.04%, 0, 4, 4, 2828.60
1436792970, 10, 8, 22, 2, 0, 0.04%, 0, 4, 4, 2777.25
1436792975, 10, 12, 22, 2, 0, 0.04%, 0, 4, 4, 2682.01
1436792980, 10, 20, 22, 2, 0, 0.04%, 0, 4, 4, 2707.48
1436792985, 10, 21, 22, 2, 0, 0.04%, 0, 4, 4, 2714.81
1436792995, 11, 1, 22, 1, 0, 0.04%, 0, 4, 4, 2523.27
1436793000, 11, 5, 22, 1, 0, 0.04%, 0, 4, 4, 2615.88
1436793005, 11, 9, 22, 1, 0, 0.04%, 0, 4, 4, 2826.09
1436793011, 11, 12, 22, 1, 0, 0.04%, 0, 4, 4, 2924.89
1436793016, 12, 3, 22, 1, 0, 0.04%, 0, 4, 4, 2976.64
1436793021, 12, 6, 22, 1, 0, 0.04%, 0, 4, 4, 2714.55
1436793026, 12, 10, 22, 1, 0, 0.04%, 0, 4, 4, 2733.61
1436793031, 12, 14, 22, 1, 0, 0.04%, 0, 4, 4, 2854.44
1436793036, 13, 4, 22, 1, 0, 0.04%, 0, 4, 4, 2932.39
1436793041, 13, 7, 22, 1, 0, 0.04%, 0, 4, 4, 2979.05
1436793046, 13, 12, 22, 1, 0, 0.04%, 0, 5, 4, 2928.34
1436793051, 14, 2, 22, 1, 0, 0.04%, 0, 5, 4, 2946.23
1436793056, 14, 6, 22, 1, 0, 0.04%, 0, 5, 4, 2946.23
1436793061, 14, 10, 22, 1, 0, 0.04%, 0, 5, 4, 3023.74
1436793066, 14, 13, 22, 1, 0, 0.04%, 0, 6, 4, 2974.76
1436793071, 15, 1, 22, 0, 0, 0.04%, 0, 6, 4, 2944.53
1436793076, 15, 5, 22, 0, 0, 0.04%, 0, 6, 4, 2960.96
1436793081, 15, 7, 22, 0, 0, 0.04%, 0, 6, 4, 2438.03
1436793086, 15, 12, 22, 0, 0, 0.04%, 0, 6, 4, 2263.01
1436793091, 16, 1, 22, 0, 0, 0.04%, 0, 6, 4, 2690.77
1436793097, 16, 5, 22, 0, 0, 0.04%, 0, 6, 4, 2718.76
1436793102, 16, 8, 22, 0, 0, 0.04%, 0, 6, 4, 2880.12
1436793107, 16, 12, 22, 0, 0, 0.04%, 0, 6, 4, 3034.02
1436793112, 16, 14, 22, 0, 0, 0.04%, 0, 6, 4, 2853.33
1436793117, 17, 4, 22, 0, 0, 0.04%, 0, 6, 4, 2934.93
1436793122, 17, 7, 22, 0, 0, 0.04%, 0, 6, 4, 2736.02
1436793127, 17, 10, 22, 0, 0, 0.04%, 0, 6, 4, 2900.22
1436793132, 18, 1, 22, 0, 0, 0.04%, 0, 6, 4, 2925.57
1436793137, 18, 5, 22, 0, 0, 0.04%, 0, 6, 4, 3156.46
1436793142, 18, 9, 22, 0, 0, 0.04%, 0, 6, 4, 2949.45
1436793147, 18, 12, 22, 0, 0, 0.04%, 0, 6, 4, 2839.99
1436793152, 19, 3, 22, 0, 0, 0.04%, 0, 6, 4, 2884.24
1436793157, 19, 6, 22, 0, 0, 0.04%, 0, 6, 4, 2764.25
1436793163, 19, 10, 22, 0, 0, 0.04%, 0, 6, 4, 2871.77
1436793168, 19, 12, 22, 0, 0, 0.04%, 0, 6, 4, 2778.74
1436793173, 19, 17, 22, 0, 0, 0.04%, 0, 6, 4, 2791.23
1436793178, 20, 3, 22, 0, 0, 0.04%, 0, 6, 4, 2870.02
1436793183, 20, 6, 22, 0, 0, 0.04%, 0, 6, 4, 2951.88
1436793188, 20, 10, 22, 0, 0, 0.04%, 0, 6, 4, 2868.40
1436793193, 20, 14, 22, 0, 0, 0.04%, 0, 6, 4, 2826.30
1436793198, 21, 1, 22, 0, 0, 0.04%, 0, 6, 4, 2878.49
1436793203, 21, 5, 22, 0, 0, 0.04%, 0, 6, 4, 3002.56
1436793208, 21, 9, 22, 0, 0, 0.04%, 0, 6, 4, 3039.45
1436793213, 21, 14, 22, 0, 0, 0.04%, 0, 6, 4, 3036.94
1436793218, 22, 3, 22, 0, 0, 0.04%, 0, 6, 4, 2923.87
1436793224, 22, 6, 22, 0, 0, 0.04%, 0, 6, 4, 2782.99
1436793229, 22, 10, 22, 0, 0, 0.04%, 0, 6, 4, 2914.87
1436793234, 23, 1, 22, 0, 0, 0.04%, 0, 6, 4, 3019.25
1436793239, 23, 5, 22, 0, 0, 0.04%, 0, 6, 4, 2963.24
1436793244, 23, 9, 22, 0, 0, 0.04%, 0, 6, 4, 2948.00
1436793249, 23, 12, 22, 0, 0, 0.04%, 0, 6, 4, 2795.70
1436793254, 24, 3, 22, 0, 0, 0.04%, 0, 6, 4, 2649.33
1436793259, 24, 6, 22, 0, 0, 0.04%, 0, 6, 4, 2912.11
1436793264, 24, 10, 22, 0, 0, 0.04%, 0, 6, 4, 2702.85
1436793269, 24, 14, 22, 0, 0, 0.04%, 0, 7, 4, 2668.73
1436793274, 25, 3, 22, 0, 0, 0.04%, 0, 7, 4, 2819.56
1436793279, 25, 9, 22, 0, 0, 0.04%, 0, 7, 4, 4726.90
1436793284, 26, 1, 22, 0, 0, 0.04%, 0, 7, 4, 5927.61
1436793289, 26, 10, 22, 0, 0, 0.04%, 0, 7, 4, 6596.88
1436793294, 27, 5, 22, 0, 0, 0.04%, 0, 7, 4, 6343.77
1436793300, 27, 14, 22, 0, 0, 0.04%, 0, 7, 4, 6547.32
1436793305, 28, 5, 22, 0, 0, 0.04%, 0, 7, 4, 6758.23
1436793310, 28, 14, 22, 0, 0, 0.04%, 0, 7, 4, 6824.96
1436793315, 29, 8, 22, 0, 0, 0.04%, 0, 7, 4, 6846.06
1436793320, 29, 13, 22, 0, 0, 0.04%, 0, 7, 4, 5271.80
1436793325, 30, 6, 22, 0, 0, 0.04%, 0, 7, 4, 5507.96
1436793330, 31, 2, 22, 0, 0, 0.04%, 0, 7, 4, 6602.69
1436793335, 31, 12, 22, 0, 0, 0.04%, 0, 7, 4, 6850.23
1436793340, 32, 3, 22, 0, 0, 0.04%, 0, 7, 4, 5725.53
1436793346, 32, 7, 22, 0, 0, 0.04%, 0, 7, 4, 4596.85
1436793351, 32, 15, 22, 0, 0, 0.04%, 0, 7, 4, 5334.49
1436793356, 32, 19, 22, 0, 0, 0.04%, 0, 8, 4, 3496.48
1436793361, 33, 4, 22, 0, 0, 0.04%, 0, 8, 4, 3842.11
1436793366, 33, 12, 22, 0, 0, 0.04%, 0, 8, 4, 5648.96
1436793371, 33, 15, 22, 0, 0, 0.04%, 0, 8, 4, 3915.35
1436793376, 34, 4, 22, 0, 0, 0.04%, 0, 8, 4, 3239.79
1436793381, 34, 12, 23, 1, 0, 0.04%, 0, 8, 4, 5380.70
1436793386, 34, 22, 23, 1, 0, 0.04%, 0, 8, 4, 1080.90
1436793397, 34, 22, 23, 1, 0, 0.04%, 1, 8, 4, 4566.97
1436793407, 34, 22, 23, 1, 0, 0.04%, 1, 9, 4, 1848.73
1436793412, 35, 7, 23, 0, 0, 0.04%, 1, 9, 4, 5073.55
1436793417, 36, 3, 23, 0, 0, 0.04%, 1, 9, 4, 6284.71
1436793422, 36, 10, 23, 0, 0, 0.04%, 1, 9, 4, 5219.97
1436793427, 37, 4, 23, 0, 0, 0.04%, 1, 9, 4, 5790.13
1436793432, 37, 12, 23, 0, 0, 0.04%, 1, 9, 4, 6313.87
1436793437, 38, 3, 23, 0, 0, 0.04%, 1, 9, 4, 3956.90
1436793442, 38, 9, 23, 0, 0, 0.04%, 1, 9, 4, 5086.45
1436793447, 39, 3, 23, 0, 0, 0.04%, 1, 9, 4, 6053.11
1436793452, 39, 12, 23, 0, 0, 0.04%, 1, 9, 4, 6441.04
1436793457, 40, 4, 23, 0, 0, 0.04%, 1, 9, 4, 5213.61
1436793463, 40, 12, 23, 0, 0, 0.04%, 1, 9, 4, 6351.48
1436793468, 40, 16, 23, 0, 0, 0.04%, 1, 9, 4, 4164.01
1436793473, 41, 1, 23, 0, 0, 0.04%, 1, 9, 4, 3717.36
1436793478, 41, 10, 23, 0, 0, 0.04%, 1, 9, 4, 6099.92
1436793483, 41, 17, 23, 0, 0, 0.04%, 1, 9, 4, 4405.78
1436793488, 42, 3, 23, 0, 0, 0.04%, 1, 9, 4, 3875.19
1436793494, 42, 12, 23, 0, 0, 0.04%, 1, 9, 4, 5944.34
1436793499, 43, 5, 23, 0, 0, 0.04%, 1, 9, 4, 4788.48
1436793504, 43, 10, 23, 0, 0, 0.04%, 1, 9, 4, 3945.38
1436793509, 44, 5, 23, 0, 0, 0.04%, 1, 9, 4, 6029.89
1436793514, 44, 12, 23, 0, 0, 0.04%, 1, 9, 4, 5207.68
1436793519, 44, 20, 23, 0, 0, 0.04%, 1, 9, 4, 3961.14
1436793524, 45, 9, 23, 0, 0, 0.04%, 1, 9, 4, 5917.33
1436793529, 45, 20, 23, 0, 0, 0.04%, 1, 9, 4, 6346.32
1436793534, 46, 9, 23, 0, 0, 0.04%, 1, 9, 4, 6581.44
1436793539, 47, 4, 23, 0, 0, 0.04%, 1, 9, 4, 6690.38
1436793544, 47, 14, 23, 0, 0, 0.04%, 1, 9, 4, 6654.89
1436793549, 48, 5, 23, 0, 0, 0.04%, 1, 9, 4, 5243.11
1436793554, 48, 14, 23, 0, 0, 0.04%, 1, 9, 4, 6130.69
1436793560, 49, 5, 23, 0, 0, 0.04%, 1, 9, 4, 4399.15
1436793565, 49, 10, 23, 0, 0, 0.04%, 1, 9, 4, 4205.80
1436793570, 50, 5, 23, 0, 0, 0.04%, 1, 9, 4, 6319.63
1436793575, 50, 12, 23, 0, 0, 0.04%, 1, 9, 4, 4762.00
1436793580, 51, 3, 23, 0, 0, 0.04%, 1, 9, 4, 4006.23
1436793585, 51, 12, 23, 0, 0, 0.04%, 1, 9, 4, 6154.54
1436793590, 51, 22, 23, 0, 0, 0.04%, 1, 9, 4, 6592.42
1436793600, 52, 9, 23, 0, 0, 0.04%, 1, 9, 4, 6812.73
1436793605, 53, 4, 23, 0, 0, 0.04%, 1, 9, 4, 6818.18
1436793610, 53, 14, 23, 0, 0, 0.04%, 1, 9, 4, 6791.48
1436793615, 54, 9, 23, 0, 0, 0.04%, 1, 9, 4, 6843.15
1436793621, 54, 17, 23, 0, 0, 0.04%, 1, 9, 4, 6682.55
1436793626, 55, 6, 23, 0, 0, 0.04%, 1, 9, 4, 5449.33
1436793631, 56, 1, 23, 0, 0, 0.04%, 1, 9, 4, 6502.29
1436793636, 56, 7, 23, 0, 0, 0.04%, 1, 9, 4, 4400.08
1436793641, 56, 12, 23, 0, 0, 0.04%, 1, 9, 4, 4317.16
1436793646, 57, 7, 23, 0, 0, 0.04%, 1, 9, 4, 6243.42
1436793651, 57, 21, 23, 0, 0, 0.04%, 1, 9, 4, 6682.73
1436793656, 58, 7, 23, 0, 0, 0.04%, 1, 9, 4, 6813.94
1436793661, 58, 14, 23, 0, 0, 0.04%, 1, 9, 4, 5789.70
1436793666, 59, 7, 23, 0, 0, 0.04%, 1, 9, 4, 5181.04
1436793671, 59, 14, 23, 0, 0, 0.04%, 1, 9, 4, 5033.58
1436793676, 60, 7, 23, 0, 0, 0.04%, 1, 9, 4, 5947.57
1436793681, 60, 12, 23, 0, 0, 0.04%, 1, 9, 4, 3888.60
1436793686, 61, 5, 23, 0, 0, 0.04%, 1, 9, 4, 5088.71
1436793691, 61, 14, 23, 0, 0, 0.04%, 1, 9, 4, 6312.31
1436793696, 62, 7, 23, 0, 0, 0.04%, 1, 9, 4, 6613.67
1436793702, 62, 12, 23, 0, 0, 0.04%, 1, 9, 4, 5205.32
1436793707, 62, 22, 23, 0, 0, 0.04%, 1, 9, 4, 6355.83
1436793717, 63, 3, 23, 0, 0, 0.04%, 1, 9, 4, 4143.62
1436793722, 63, 12, 23, 0, 0, 0.04%, 1, 9, 4, 6233.76
1436793727, 64, 7, 23, 0, 0, 0.04%, 1, 9, 4, 6671.57
1436793732, 65, 3, 23, 0, 0, 0.04%, 1, 9, 4, 6664.42
1436793737, 65, 12, 23, 0, 0, 0.04%, 1, 9, 4, 6247.51
1436793742, 66, 5, 23, 0, 0, 0.04%, 1, 9, 4, 5309.72
1436793747, 66, 12, 23, 0, 0, 0.04%, 1, 9, 4, 5648.71
1436793752, 67, 6, 23, 0, 0, 0.04%, 1, 9, 4, 6504.94
1436793758, 67, 9, 23, 0, 0, 0.04%, 1, 9, 4, 4023.45
1436793763, 68, 3, 23, 0, 0, 0.04%, 1, 9, 4, 5306.51
1436793768, 68, 12, 23, 0, 0, 0.04%, 1, 9, 4, 6479.25
1436793773, 68, 22, 23, 0, 0, 0.04%, 1, 9, 4, 6221.50
1436793788, 69, 5, 23, 0, 0, 0.04%, 1, 9, 4, 4014.42
1436793793, 69, 12, 23, 0, 0, 0.04%, 1, 9, 4, 4416.21
1436793799, 70, 3, 23, 0, 0, 0.04%, 1, 9, 4, 6143.80
1436793804, 70, 12, 23, 0, 0, 0.04%, 1, 9, 4, 6538.95
1436793809, 71, 4, 23, 0, 0, 0.04%, 1, 9, 4, 4686.88
1436793814, 71, 14, 23, 0, 0, 0.04%, 1, 9, 4, 6256.34
1436793819, 72, 2, 23, 0, 0, 0.04%, 1, 9, 4, 4507.10
1436793824, 72, 6, 23, 0, 0, 0.04%, 1, 9, 4, 3852.53
1436793830, 73, 1, 23, 0, 0, 0.04%, 1, 9, 4, 5887.50
1436793835, 73, 10, 23, 0, 0, 0.04%, 1, 9, 4, 6118.51
1436793840, 73, 16, 23, 0, 0, 0.04%, 1, 9, 4, 6369.34
1436793845, 74, 5, 23, 0, 0, 0.04%, 1, 9, 4, 6413.00
1436793850, 74, 12, 23, 0, 0, 0.04%, 1, 9, 4, 5631.26
1436793855, 75, 1, 23, 0, 0, 0.04%, 1, 9, 4, 5579.98
1436793860, 75, 10, 23, 0, 0, 0.04%, 1, 9, 4, 6446.27
1436793865, 75, 14, 23, 0, 0, 0.04%, 1, 9, 4, 4036.88
1436793870, 76, 6, 23, 0, 0, 0.04%, 1, 9, 4, 5049.59
1436793875, 77, 1, 23, 0, 0, 0.04%, 1, 9, 4, 6286.59
1436793881, 77, 10, 23, 0, 0, 0.04%, 1, 9, 4, 6496.36
1436793886, 78, 4, 23, 0, 0, 0.04%, 1, 9, 4, 5960.72
1436793891, 78, 10, 23, 0, 0, 0.04%, 1, 9, 4, 5043.65
1436793896, 79, 5, 23, 0, 0, 0.04%, 1, 9, 4, 6276.93
1436793901, 79, 10, 23, 0, 0, 0.04%, 1, 9, 4, 4033.84
1436793906, 79, 14, 23, 0, 0, 0.04%, 1, 9, 4, 4198.30
1436793911, 80, 9, 23, 0, 0, 0.04%, 1, 9, 4, 6080.76
1436793916, 80, 14, 23, 0, 0, 0.04%, 1, 9, 4, 4353.65
1436793921, 81, 2, 23, 0, 0, 0.04%, 1, 9, 4, 4026.43
1436793926, 81, 10, 23, 0, 0, 0.04%, 1, 9, 4, 6148.12
