# unix_time, cycles_done, cur_path, paths_total, pending_total, pending_favs, map_size, unique_crashes, unique_hangs, max_depth, execs_per_sec
1436814402, 0, 0, 1, 1, 1, 0.01%, 0, 0, 1, 5000.00
1436814407, 1, 2, 4, 2, 1, 0.02%, 0, 1, 4, 7395.14
1436814412, 1, 3, 4, 1, 1, 0.02%, 1, 2, 4, 7690.88
1436814417, 3, 1, 4, 0, 0, 0.02%, 1, 2, 4, 7776.08
1436814422, 3, 3, 4, 0, 0, 0.02%, 1, 2, 4, 7875.84
1436814427, 4, 2, 4, 0, 0, 0.02%, 1, 2, 4, 7863.77
1436814432, 4, 3, 4, 0, 0, 0.02%, 1, 2, 4, 7880.21
1436814437, 5, 3, 4, 0, 0, 0.02%, 1, 2, 4, 7912.72
1436814443, 6, 1, 4, 0, 0, 0.02%, 1, 2, 4, 7904.21
1436814448, 6, 3, 4, 0, 0, 0.02%, 1, 2, 4, 7680.41
1436814453, 7, 1, 4, 0, 0, 0.02%, 1, 2, 4, 6264.99
1436814458, 7, 3, 4, 0, 0, 0.02%, 1, 2, 4, 7554.01
1436814463, 8, 1, 4, 0, 0, 0.02%, 1, 2, 4, 5073.42
1436814468, 8, 3, 4, 0, 0, 0.02%, 1, 2, 4, 4977.08
1436814473, 9, 1, 4, 0, 0, 0.02%, 1, 2, 4, 7342.77
1436814478, 9, 3, 4, 0, 0, 0.02%, 1, 2, 4, 5396.22
1436814483, 10, 0, 4, 0, 0, 0.02%, 1, 2, 4, 4617.34
1436814488, 10, 3, 4, 0, 0, 0.02%, 1, 2, 4, 7220.06
1436814493, 11, 1, 4, 0, 0, 0.02%, 1, 2, 4, 6010.93
1436814498, 11, 2, 4, 0, 0, 0.02%, 1, 2, 4, 4645.48
1436814503, 12, 0, 4, 0, 0, 0.02%, 1, 2, 4, 6893.22
1436814509, 12, 3, 4, 0, 0, 0.02%, 1, 2, 4, 6283.11
1436814514, 12, 3, 4, 0, 0, 0.02%, 1, 3, 4, 4532.22
1436814519, 13, 3, 4, 0, 0, 0.02%, 1, 3, 4, 6588.47
1436814524, 14, 1, 4, 0, 0, 0.02%, 1, 3, 4, 7030.13
1436814529, 14, 2, 4, 0, 0, 0.02%, 1, 3, 4, 4337.50
1436814534, 14, 3, 4, 0, 0, 0.02%, 1, 3, 4, 3743.62
1436814544, 15, 1, 4, 0, 0, 0.02%, 1, 3, 4, 3580.17
1436814549, 15, 3, 4, 0, 0, 0.02%, 1, 3, 4, 3426.60
