# unix_time, cycles_done, cur_path, paths_total, pending_total, pending_favs, map_size, unique_crashes, unique_hangs, max_depth, execs_per_sec
1436797263, 0, 0, 1, 1, 1, 0.00%, 0, 0, 1, 3333.33
1436797268, 0, 1, 5, 4, 2, 0.02%, 0, 0, 3, 6918.68
1436797273, 0, 2, 9, 7, 3, 0.03%, 0, 0, 3, 7629.85
1436797279, 0, 2, 10, 8, 3, 0.04%, 0, 0, 3, 7665.20
1436797294, 0, 3, 16, 13, 7, 0.04%, 0, 0, 4, 7405.18
1436797304, 0, 3, 17, 14, 7, 0.04%, 0, 0, 4, 7599.51
1436797314, 0, 8, 19, 12, 5, 0.04%, 0, 0, 4, 7534.29
1436797319, 0, 8, 22, 15, 5, 0.04%, 0, 0, 4, 7343.39
1436797324, 0, 8, 24, 17, 5, 0.04%, 0, 0, 4, 7505.52
1436797335, 0, 9, 24, 16, 4, 0.04%, 0, 0, 4, 7725.37
1436797340, 0, 9, 27, 19, 4, 0.04%, 0, 0, 4, 7455.11
1436797345, 0, 14, 27, 16, 1, 0.04%, 0, 0, 4, 7458.12
1436797350, 1, 10, 27, 15, 0, 0.04%, 0, 0, 4, 7661.90
1436797355, 1, 22, 27, 14, 0, 0.04%, 0, 0, 4, 7635.33
1436797360, 1, 26, 28, 14, 0, 0.04%, 0, 0, 5, 7166.42
1436797365, 1, 27, 29, 14, 0, 0.04%, 0, 0, 6, 5989.18
1436797370, 2, 6, 29, 13, 0, 0.04%, 0, 0, 6, 7317.07
1436797375, 2, 10, 29, 13, 0, 0.04%, 0, 0, 6, 4782.39
1436797380, 2, 14, 29, 13, 0, 0.04%, 0, 0, 6, 5204.53
1436797385, 2, 23, 29, 11, 0, 0.04%, 0, 0, 6, 6938.13
1436797390, 3, 6, 30, 11, 0, 0.04%, 0, 0, 6, 7120.93
1436797395, 3, 10, 30, 11, 0, 0.04%, 0, 0, 6, 5122.31
1436797401, 3, 14, 30, 11, 0, 0.04%, 0, 0, 6, 6872.34
1436797406, 3, 19, 30, 10, 0, 0.04%, 0, 0, 6, 5132.86
1436797411, 3, 29, 30, 9, 0, 0.04%, 0, 0, 6, 4228.97
1436797416, 4, 2, 30, 8, 0, 0.04%, 0, 0, 6, 6343.09
1436797421, 4, 7, 30, 8, 0, 0.04%, 0, 1, 6, 5723.17
1436797426, 4, 10, 30, 8, 0, 0.04%, 0, 1, 6, 4294.46
1436797431, 4, 15, 30, 8, 0, 0.04%, 0, 1, 6, 6467.66
1436797437, 4, 28, 30, 7, 0, 0.04%, 0, 1, 6, 6138.95
1436797447, 5, 3, 30, 6, 0, 0.04%, 0, 1, 6, 5873.99
1436797452, 5, 9, 30, 6, 0, 0.04%, 0, 1, 6, 6476.17
1436797457, 5, 12, 30, 6, 0, 0.04%, 0, 1, 6, 4337.18
1436797462, 5, 17, 30, 6, 0, 0.04%, 0, 1, 6, 6054.76
1436797467, 6, 5, 30, 4, 0, 0.04%, 0, 1, 6, 6866.70
1436797473, 6, 7, 30, 4, 0, 0.04%, 0, 1, 6, 4341.06
1436797478, 6, 10, 30, 4, 0, 0.04%, 0, 1, 6, 5540.91
1436797483, 6, 24, 30, 4, 0, 0.04%, 0, 1, 6, 7181.39
1436797488, 6, 25, 30, 3, 0, 0.04%, 0, 1, 6, 4556.12
1436797493, 7, 5, 30, 2, 0, 0.04%, 0, 1, 6, 5638.01
1436797498, 7, 10, 30, 2, 0, 0.04%, 0, 1, 6, 7280.20
1436797503, 7, 12, 30, 1, 0, 0.04%, 0, 1, 6, 4789.09
1436797508, 7, 14, 30, 1, 0, 0.04%, 0, 1, 6, 5230.92
1436797514, 8, 5, 30, 1, 0, 0.04%, 0, 1, 6, 7066.07
1436797519, 8, 8, 30, 1, 0, 0.04%, 0, 1, 6, 4999.67
1436797524, 8, 11, 30, 1, 0, 0.04%, 0, 1, 6, 4806.38
1436797529, 8, 14, 30, 1, 0, 0.04%, 0, 1, 6, 7148.61
1436797534, 8, 29, 30, 0, 0, 0.04%, 0, 1, 6, 5263.80
1436797539, 9, 5, 30, 0, 0, 0.04%, 0, 1, 6, 4506.72
1436797545, 9, 10, 30, 0, 0, 0.04%, 0, 1, 6, 7071.88
1436797550, 9, 14, 30, 0, 0, 0.04%, 0, 1, 6, 5678.15
1436797555, 10, 2, 30, 0, 0, 0.04%, 0, 1, 6, 4546.56
1436797560, 10, 7, 30, 0, 0, 0.04%, 0, 1, 6, 6931.17
1436797565, 10, 12, 30, 0, 0, 0.04%, 0, 1, 6, 6128.76
1436797570, 10, 14, 30, 0, 0, 0.04%, 0, 1, 6, 4620.06
1436797575, 11, 2, 30, 0, 0, 0.04%, 0, 1, 6, 6741.14
1436797580, 11, 7, 30, 0, 0, 0.04%, 0, 1, 6, 6726.42
1436797586, 11, 10, 30, 0, 0, 0.04%, 0, 1, 6, 4610.54
1436797591, 12, 0, 30, 0, 0, 0.04%, 0, 1, 6, 6488.52
1436797596, 12, 7, 30, 0, 0, 0.04%, 0, 1, 6, 7355.07
1436797601, 12, 10, 30, 0, 0, 0.04%, 0, 1, 6, 4659.75
1436797606, 12, 14, 30, 0, 0, 0.04%, 0, 1, 6, 6181.00
1436797611, 13, 7, 30, 0, 0, 0.04%, 0, 1, 6, 7421.83
1436797616, 13, 10, 30, 0, 0, 0.04%, 0, 2, 6, 4636.94
1436797621, 13, 14, 30, 0, 0, 0.04%, 0, 2, 6, 5818.61
1436797626, 14, 5, 30, 0, 0, 0.04%, 0, 2, 6, 7348.82
1436797632, 14, 8, 30, 0, 0, 0.04%, 0, 2, 6, 4833.08
1436797637, 14, 10, 30, 0, 0, 0.04%, 0, 2, 6, 5154.14
1436797642, 15, 0, 30, 0, 0, 0.04%, 0, 2, 6, 7143.88
1436797647, 15, 5, 30, 0, 0, 0.04%, 0, 3, 6, 5016.19
1436797652, 15, 8, 30, 0, 0, 0.04%, 0, 3, 6, 4571.98
1436797657, 15, 14, 30, 0, 0, 0.04%, 0, 3, 6, 7079.98
1436797662, 16, 2, 30, 0, 0, 0.04%, 0, 3, 6, 5417.25
1436797667, 16, 5, 30, 0, 0, 0.04%, 0, 3, 6, 4461.12
1436797672, 16, 10, 30, 0, 0, 0.04%, 0, 3, 6, 6530.81
1436797677, 17, 0, 30, 0, 0, 0.04%, 0, 3, 6, 5889.91
1436797682, 17, 5, 30, 0, 0, 0.04%, 0, 3, 6, 4553.47
1436797688, 17, 10, 30, 0, 0, 0.04%, 0, 3, 6, 6765.09
1436797693, 17, 17, 30, 0, 0, 0.04%, 0, 3, 6, 6505.81
1436797698, 18, 2, 30, 0, 0, 0.04%, 0, 3, 6, 4601.82
1436797703, 18, 8, 30, 0, 0, 0.04%, 0, 3, 6, 6592.00
1436797708, 18, 14, 30, 0, 0, 0.04%, 0, 3, 6, 7181.98
1436797713, 19, 1, 30, 0, 0, 0.04%, 0, 3, 6, 4696.42
1436797718, 19, 6, 30, 0, 0, 0.04%, 0, 3, 6, 6373.31
1436797724, 19, 12, 30, 0, 0, 0.04%, 0, 3, 6, 7459.73
1436797729, 20, 0, 30, 0, 0, 0.04%, 0, 3, 6, 4680.97
1436797734, 20, 6, 30, 0, 0, 0.04%, 0, 3, 6, 6119.11
1436797739, 20, 11, 30, 0, 0, 0.04%, 0, 3, 6, 7412.32
1436797744, 20, 14, 30, 0, 0, 0.04%, 0, 3, 6, 4721.16
1436797749, 21, 3, 30, 0, 0, 0.04%, 0, 3, 6, 5786.90
1436797755, 21, 9, 30, 0, 0, 0.04%, 0, 3, 6, 7350.86
1436797760, 21, 12, 30, 0, 0, 0.04%, 0, 3, 6, 4801.93
1436797765, 21, 24, 30, 0, 0, 0.04%, 0, 3, 6, 5272.12
1436797770, 22, 5, 30, 0, 0, 0.04%, 0, 3, 6, 7253.16
1436797775, 22, 8, 30, 0, 0, 0.04%, 0, 4, 6, 5040.16
1436797780, 22, 10, 30, 0, 0, 0.04%, 0, 4, 6, 4697.88
1436797785, 22, 19, 30, 0, 0, 0.04%, 0, 4, 6, 6975.10
1436797790, 23, 5, 30, 0, 0, 0.04%, 0, 4, 6, 5533.95
1436797795, 23, 8, 30, 0, 0, 0.04%, 0, 4, 6, 4504.94
1436797800, 23, 14, 30, 0, 0, 0.04%, 0, 4, 6, 6908.71
1436797805, 23, 28, 30, 0, 0, 0.04%, 0, 4, 6, 5892.92
1436797810, 24, 4, 30, 0, 0, 0.04%, 0, 4, 6, 4520.19
1436797816, 24, 9, 30, 0, 0, 0.04%, 0, 4, 6, 6786.84
1436797821, 24, 14, 30, 0, 0, 0.04%, 0, 4, 6, 6572.42
1436797826, 25, 5, 30, 0, 0, 0.04%, 0, 4, 6, 4609.60
1436797831, 25, 9, 30, 0, 0, 0.04%, 0, 4, 6, 6565.19
1436797836, 25, 14, 30, 0, 0, 0.04%, 0, 4, 6, 7052.88
1436797841, 25, 24, 30, 0, 0, 0.04%, 0, 4, 6, 4608.91
1436797846, 26, 4, 30, 0, 0, 0.04%, 0, 4, 6, 6326.54
1436797852, 26, 8, 30, 0, 0, 0.04%, 0, 4, 6, 7430.87
1436797857, 26, 12, 30, 0, 0, 0.04%, 0, 4, 6, 4685.78
1436797862, 27, 0, 30, 0, 0, 0.04%, 0, 4, 6, 6076.31
1436797867, 27, 7, 30, 0, 0, 0.04%, 0, 4, 6, 7397.61
1436797872, 27, 10, 30, 0, 0, 0.04%, 0, 4, 6, 4619.48
1436797877, 27, 14, 30, 0, 0, 0.04%, 0, 4, 6, 5564.79
1436797882, 28, 6, 30, 0, 0, 0.04%, 1, 4, 6, 7214.81
1436797887, 28, 10, 30, 0, 0, 0.04%, 1, 4, 6, 4915.80
1436797893, 28, 12, 30, 0, 0, 0.04%, 1, 4, 6, 5198.16
1436797898, 29, 5, 30, 0, 0, 0.04%, 1, 4, 6, 7236.23
1436797903, 29, 9, 30, 0, 0, 0.04%, 1, 4, 6, 5170.64
1436797908, 29, 12, 30, 0, 0, 0.04%, 1, 4, 6, 4801.83
1436797913, 30, 5, 30, 0, 0, 0.04%, 1, 4, 6, 7139.12
1436797918, 30, 9, 30, 0, 0, 0.04%, 1, 4, 6, 5191.16
1436797923, 30, 12, 30, 0, 0, 0.04%, 1, 4, 6, 4418.14
1436797928, 30, 14, 30, 0, 0, 0.04%, 1, 4, 6, 4904.90
1436797934, 31, 6, 30, 0, 0, 0.04%, 1, 4, 6, 7133.29
1436797939, 31, 10, 30, 0, 0, 0.04%, 1, 4, 6, 5294.65
1436797944, 31, 14, 30, 0, 0, 0.04%, 1, 4, 6, 4572.69
1436797949, 32, 5, 30, 0, 0, 0.04%, 1, 4, 6, 7082.58
1436797954, 32, 9, 30, 0, 0, 0.04%, 1, 4, 6, 5770.72
1436797959, 32, 12, 30, 0, 0, 0.04%, 1, 4, 6, 4591.18
1436797964, 33, 1, 30, 0, 0, 0.04%, 1, 4, 6, 6844.76
1436797969, 33, 7, 30, 0, 0, 0.04%, 1, 4, 6, 6138.00
1436797974, 33, 10, 30, 0, 0, 0.04%, 1, 4, 6, 4546.04
1436797980, 33, 14, 30, 0, 0, 0.04%, 1, 4, 6, 6658.26
1436797985, 34, 6, 30, 0, 0, 0.04%, 1, 4, 6, 6727.64
1436797990, 34, 9, 30, 0, 0, 0.04%, 1, 4, 6, 4629.84
1436797995, 34, 14, 30, 0, 0, 0.04%, 1, 4, 6, 6431.06
1436798000, 35, 6, 30, 0, 0, 0.04%, 1, 4, 6, 7313.80
1436798005, 35, 9, 30, 0, 0, 0.04%, 1, 4, 6, 4645.20
1436798010, 35, 12, 30, 0, 0, 0.04%, 1, 4, 6, 6135.59
1436798015, 36, 5, 30, 0, 0, 0.04%, 1, 4, 6, 7374.18
1436798021, 36, 9, 30, 0, 0, 0.04%, 1, 4, 6, 4930.53
1436798026, 36, 11, 30, 0, 0, 0.04%, 1, 4, 6, 5140.72
1436798031, 37, 2, 30, 0, 0, 0.04%, 1, 4, 6, 7179.89
1436798036, 37, 7, 30, 0, 0, 0.04%, 1, 4, 6, 5205.23
1436798041, 37, 10, 30, 0, 0, 0.04%, 1, 4, 6, 4577.13
1436798046, 37, 27, 30, 0, 0, 0.04%, 1, 4, 6, 7099.08
1436798051, 38, 5, 30, 0, 0, 0.04%, 1, 4, 6, 5598.34
1436798056, 38, 8, 30, 0, 0, 0.04%, 1, 4, 6, 4564.29
1436798062, 38, 14, 30, 0, 0, 0.04%, 1, 4, 6, 6955.00
1436798067, 38, 26, 30, 0, 0, 0.04%, 1, 4, 6, 6070.69
1436798072, 39, 2, 30, 0, 0, 0.04%, 1, 4, 6, 4565.22
1436798077, 39, 7, 30, 0, 0, 0.04%, 1, 4, 6, 6732.38
1436798082, 39, 12, 30, 0, 0, 0.04%, 1, 4, 6, 6672.64
1436798087, 40, 2, 30, 0, 0, 0.04%, 1, 4, 6, 4536.34
1436798092, 40, 7, 30, 0, 0, 0.04%, 1, 4, 6, 6516.82
1436798097, 40, 13, 30, 0, 0, 0.04%, 1, 4, 6, 7328.02
1436798102, 40, 14, 30, 0, 0, 0.04%, 1, 4, 6, 4666.20
1436798108, 40, 29, 30, 0, 0, 0.04%, 1, 4, 6, 6163.72
1436798113, 41, 6, 30, 0, 0, 0.04%, 1, 4, 6, 7424.40
1436798118, 41, 9, 30, 0, 0, 0.04%, 1, 4, 6, 4699.39
1436798123, 41, 14, 30, 0, 0, 0.04%, 1, 4, 6, 5922.62
1436798128, 42, 5, 30, 0, 0, 0.04%, 1, 4, 6, 7432.99
1436798133, 42, 8, 30, 0, 0, 0.04%, 1, 4, 6, 4800.83
1436798138, 42, 12, 30, 0, 0, 0.04%, 1, 4, 6, 5622.25
1436798143, 43, 0, 30, 0, 0, 0.04%, 1, 4, 6, 7303.60
1436798149, 43, 5, 30, 0, 0, 0.04%, 1, 4, 6, 5021.23
1436798154, 43, 9, 30, 0, 0, 0.04%, 1, 4, 6, 4963.72
1436798159, 44, 1, 30, 0, 0, 0.04%, 1, 4, 6, 7197.06
1436798164, 44, 5, 30, 0, 0, 0.04%, 1, 4, 6, 5361.83
1436798169, 44, 8, 30, 0, 0, 0.04%, 1, 4, 6, 4586.09
1436798174, 44, 14, 30, 0, 0, 0.04%, 1, 4, 6, 7064.14
1436798179, 44, 24, 30, 0, 0, 0.04%, 1, 4, 6, 5719.88
1436798184, 45, 5, 30, 0, 0, 0.04%, 1, 4, 6, 4582.77
1436798189, 45, 10, 30, 0, 0, 0.04%, 1, 4, 6, 6870.50
1436798194, 45, 14, 30, 0, 0, 0.04%, 1, 4, 6, 6316.97
1436798199, 46, 3, 30, 0, 0, 0.04%, 1, 4, 6, 4607.11
1436798205, 46, 9, 30, 0, 0, 0.04%, 1, 4, 6, 6644.33
1436798210, 46, 14, 30, 0, 0, 0.04%, 1, 4, 6, 7064.60
1436798215, 46, 24, 30, 0, 0, 0.04%, 1, 4, 6, 4616.34
1436798220, 47, 5, 30, 0, 0, 0.04%, 1, 4, 6, 6245.46
1436798225, 47, 12, 30, 0, 0, 0.04%, 1, 4, 6, 7455.01
1436798230, 47, 14, 30, 0, 0, 0.04%, 1, 4, 6, 4688.72
1436798235, 48, 5, 30, 0, 0, 0.04%, 1, 4, 6, 5869.68
1436798240, 48, 10, 30, 0, 0, 0.04%, 1, 4, 6, 7429.42
1436798245, 48, 14, 30, 0, 0, 0.04%, 1, 4, 6, 4804.64
1436798250, 48, 23, 30, 0, 0, 0.04%, 1, 4, 6, 5456.82
1436798255, 49, 7, 30, 0, 0, 0.04%, 1, 4, 6, 7280.45
1436798260, 49, 10, 30, 0, 0, 0.04%, 1, 4, 6, 5059.83
1436798266, 49, 14, 30, 0, 0, 0.04%, 1, 4, 6, 4761.14
1436798271, 49, 28, 30, 0, 0, 0.04%, 1, 4, 6, 7086.02
1436798276, 50, 5, 30, 0, 0, 0.04%, 1, 4, 6, 5418.86
1436798281, 50, 8, 30, 0, 0, 0.04%, 1, 4, 6, 4553.47
1436798286, 50, 14, 30, 0, 0, 0.04%, 1, 4, 6, 7076.31
1436798291, 51, 5, 30, 0, 0, 0.04%, 1, 4, 6, 5854.81
1436798296, 51, 7, 30, 0, 0, 0.04%, 1, 4, 6, 4587.99
1436798301, 51, 12, 30, 0, 0, 0.04%, 1, 4, 6, 6825.71
1436798306, 52, 2, 30, 0, 0, 0.04%, 1, 4, 6, 6362.16
1436798312, 52, 5, 30, 0, 0, 0.04%, 1, 4, 6, 4589.66
1436798317, 52, 10, 30, 0, 0, 0.04%, 1, 4, 6, 6667.84
1436798322, 52, 14, 30, 0, 0, 0.04%, 1, 4, 6, 7036.43
1436798327, 53, 5, 30, 0, 0, 0.04%, 1, 4, 6, 4666.97
1436798332, 53, 8, 30, 0, 0, 0.04%, 1, 4, 6, 6374.89
1436798337, 53, 14, 30, 0, 0, 0.04%, 1, 4, 6, 7487.65
1436798342, 54, 3, 30, 0, 0, 0.04%, 1, 4, 6, 4690.93
1436798348, 54, 8, 30, 0, 0, 0.04%, 1, 4, 6, 6149.78
1436798353, 54, 14, 30, 0, 0, 0.04%, 1, 4, 6, 7454.01
1436798358, 54, 18, 30, 0, 0, 0.04%, 1, 4, 6, 4721.45
1436798363, 55, 2, 30, 0, 0, 0.04%, 1, 4, 6, 5846.53
1436798368, 55, 8, 30, 0, 0, 0.04%, 1, 4, 6, 7377.69
1436798373, 55, 10, 30, 0, 0, 0.04%, 1, 4, 6, 4852.90
1436798378, 55, 14, 30, 0, 0, 0.04%, 1, 4, 6, 5332.86
1436798383, 56, 7, 30, 0, 0, 0.04%, 1, 4, 6, 7270.59
1436798389, 56, 12, 30, 0, 0, 0.04%, 1, 4, 6, 5038.18
1436798394, 56, 28, 30, 0, 0, 0.04%, 1, 4, 6, 4711.84
1436798399, 57, 5, 30, 0, 0, 0.04%, 1, 4, 6, 7139.34
1436798404, 57, 9, 30, 0, 0, 0.04%, 1, 4, 6, 5479.88
1436798409, 57, 12, 30, 0, 0, 0.04%, 1, 4, 6, 4577.48
1436798414, 57, 28, 30, 0, 0, 0.04%, 1, 4, 6, 6986.59
1436798419, 58, 5, 30, 0, 0, 0.04%, 1, 4, 6, 5949.79
1436798424, 58, 8, 30, 0, 0, 0.04%, 1, 4, 6, 4602.19
1436798429, 58, 12, 30, 0, 0, 0.04%, 1, 4, 6, 6795.96
1436798434, 59, 5, 30, 0, 0, 0.04%, 1, 4, 6, 6640.24
1436798439, 59, 7, 30, 0, 0, 0.04%, 1, 4, 6, 4639.20
1436798444, 59, 12, 30, 0, 0, 0.04%, 1, 4, 6, 6534.55
1436798450, 60, 3, 30, 0, 0, 0.04%, 1, 4, 6, 7263.94
1436798455, 60, 6, 30, 0, 0, 0.04%, 1, 4, 6, 4631.95
1436798460, 60, 10, 30, 0, 0, 0.04%, 1, 4, 6, 6162.41
1436798465, 60, 22, 30, 0, 0, 0.04%, 1, 4, 6, 7441.72
1436798470, 61, 3, 30, 0, 0, 0.04%, 1, 4, 6, 4703.21
1436798475, 61, 8, 30, 0, 0, 0.04%, 1, 4, 6, 5910.11
1436798480, 61, 14, 30, 0, 0, 0.04%, 1, 4, 6, 7373.58
1436798486, 62, 0, 30, 0, 0, 0.04%, 1, 4, 6, 4750.53
1436798491, 62, 5, 30, 0, 0, 0.04%, 1, 4, 6, 5550.90
1436798496, 62, 12, 30, 0, 0, 0.04%, 1, 4, 6, 7320.70
1436798501, 63, 0, 30, 0, 0, 0.04%, 1, 4, 6, 4938.01
1436798506, 63, 5, 30, 0, 0, 0.04%, 1, 4, 6, 5239.56
1436798511, 63, 10, 30, 0, 0, 0.04%, 1, 4, 6, 7256.35
1436798516, 63, 14, 30, 0, 0, 0.04%, 1, 4, 6, 5155.92
1436798521, 64, 5, 30, 0, 0, 0.04%, 1, 4, 6, 4511.90
1436798527, 64, 10, 30, 0, 0, 0.04%, 1, 4, 6, 7129.41
1436798532, 64, 14, 30, 0, 0, 0.04%, 1, 4, 6, 5548.70
1436798537, 65, 5, 30, 0, 0, 0.04%, 1, 4, 6, 4518.61
1436798542, 65, 9, 30, 0, 0, 0.04%, 1, 4, 6, 6935.81
1436798547, 65, 14, 30, 0, 0, 0.04%, 1, 4, 6, 5992.62
1436798552, 65, 22, 30, 0, 0, 0.04%, 1, 4, 6, 4596.78
1436798558, 66, 6, 30, 0, 0, 0.04%, 1, 4, 6, 6815.57
1436798563, 66, 10, 30, 0, 0, 0.04%, 1, 4, 6, 6400.39
1436798568, 66, 14, 30, 0, 0, 0.04%, 1, 4, 6, 4621.72
1436798573, 67, 5, 30, 0, 0, 0.04%, 1, 4, 6, 6641.29
1436798578, 67, 10, 30, 0, 0, 0.04%, 1, 4, 6, 7166.91
1436798583, 67, 12, 30, 0, 0, 0.04%, 1, 4, 6, 4650.86
1436798588, 67, 16, 30, 0, 0, 0.04%, 1, 4, 6, 6264.28
1436798593, 68, 5, 30, 0, 0, 0.04%, 1, 4, 6, 7482.91
1436798598, 68, 8, 30, 0, 0, 0.04%, 1, 4, 6, 4704.58
1436798603, 68, 12, 30, 0, 0, 0.04%, 1, 4, 6, 5826.39
1436798609, 69, 2, 30, 0, 0, 0.04%, 1, 4, 6, 7302.50
1436798614, 69, 5, 30, 0, 0, 0.04%, 1, 4, 6, 4727.93
1436798619, 69, 10, 30, 0, 0, 0.04%, 1, 4, 6, 5646.36
1436798624, 69, 14, 30, 0, 0, 0.04%, 1, 4, 6, 7365.30
1436798629, 69, 22, 30, 0, 0, 0.04%, 1, 4, 6, 4861.19
1436798634, 70, 5, 30, 0, 0, 0.04%, 1, 4, 6, 5220.79
1436798640, 70, 10, 30, 0, 0, 0.04%, 1, 4, 6, 7199.56
1436798645, 70, 14, 30, 0, 0, 0.04%, 1, 4, 6, 5139.18
1436798650, 70, 25, 30, 0, 0, 0.04%, 1, 4, 6, 4729.87
1436798655, 71, 7, 30, 0, 0, 0.04%, 1, 4, 6, 7187.29
1436798660, 71, 10, 30, 0, 0, 0.04%, 1, 4, 6, 5440.27
1436798665, 71, 14, 30, 0, 0, 0.04%, 1, 4, 6, 4576.73
1436798670, 72, 5, 30, 0, 0, 0.04%, 1, 4, 6, 7002.56
1436798675, 72, 9, 30, 0, 0, 0.04%, 1, 4, 6, 5839.16
1436798681, 72, 12, 30, 0, 0, 0.04%, 1, 4, 6, 4584.11
1436798686, 73, 2, 30, 0, 0, 0.04%, 1, 4, 6, 6881.46
1436798691, 73, 7, 30, 0, 0, 0.04%, 1, 4, 6, 6288.32
1436798696, 73, 10, 30, 0, 0, 0.04%, 1, 4, 6, 4550.08
1436798701, 73, 27, 30, 0, 0, 0.04%, 1, 4, 6, 6547.64
1436798706, 74, 5, 30, 0, 0, 0.04%, 1, 4, 6, 7106.72
1436798711, 74, 8, 30, 0, 0, 0.04%, 1, 4, 6, 4670.77
1436798716, 74, 13, 30, 0, 0, 0.04%, 1, 4, 6, 6355.68
1436798721, 74, 28, 30, 0, 0, 0.04%, 1, 4, 6, 7393.61
1436798726, 75, 5, 30, 0, 0, 0.04%, 1, 4, 6, 4522.01
1436798732, 75, 8, 30, 0, 0, 0.04%, 1, 4, 6, 5884.49
1436798737, 75, 14, 30, 0, 0, 0.04%, 1, 4, 6, 7272.51
1436798742, 76, 3, 30, 0, 0, 0.04%, 1, 4, 6, 4706.76
1436798747, 76, 6, 30, 0, 0, 0.04%, 1, 4, 6, 5494.09
1436798752, 76, 12, 30, 0, 0, 0.04%, 1, 4, 6, 7349.37
1436798757, 77, 2, 30, 0, 0, 0.04%, 1, 4, 6, 4982.59
1436798762, 77, 6, 30, 0, 0, 0.04%, 1, 4, 6, 4954.01
1436798767, 77, 12, 30, 0, 0, 0.04%, 1, 4, 6, 7127.84
1436798772, 77, 19, 30, 0, 0, 0.04%, 1, 4, 6, 5389.78
1436798777, 78, 1, 30, 0, 0, 0.04%, 1, 4, 6, 4559.81
1436798783, 78, 8, 30, 0, 0, 0.04%, 1, 4, 6, 7053.51
1436798788, 78, 12, 30, 0, 0, 0.04%, 1, 4, 6, 5794.04
1436798793, 79, 0, 30, 0, 0, 0.04%, 1, 4, 6, 4565.45
1436798798, 79, 6, 30, 0, 0, 0.04%, 1, 4, 6, 6758.56
1436798803, 79, 12, 30, 0, 0, 0.04%, 1, 4, 6, 6511.45
1436798808, 79, 14, 30, 0, 0, 0.04%, 1, 4, 6, 4634.33
1436798813, 80, 5, 30, 0, 0, 0.04%, 1, 4, 6, 6640.03
1436798818, 80, 10, 30, 0, 0, 0.04%, 1, 4, 6, 7149.75
1436798823, 80, 12, 30, 0, 0, 0.04%, 1, 4, 6, 4656.21
1436798828, 81, 2, 30, 0, 0, 0.04%, 1, 4, 6, 6323.51
1436798834, 81, 8, 30, 0, 0, 0.04%, 1, 4, 6, 7480.52
1436798839, 81, 12, 30, 0, 0, 0.04%, 1, 4, 6, 4685.99
1436798844, 81, 22, 30, 0, 0, 0.04%, 1, 4, 6, 6018.19
1436798849, 82, 5, 30, 0, 0, 0.04%, 1, 4, 6, 7413.45
1436798854, 82, 9, 30, 0, 0, 0.04%, 1, 4, 6, 4727.14
1436798859, 82, 12, 30, 0, 0, 0.04%, 1, 4, 6, 5856.18
1436798865, 83, 3, 30, 0, 0, 0.04%, 1, 4, 6, 7349.37
1436798870, 83, 7, 30, 0, 0, 0.04%, 1, 4, 6, 4768.05
1436798875, 83, 10, 30, 0, 0, 0.04%, 1, 4, 6, 5413.26
1436798880, 83, 14, 30, 0, 0, 0.04%, 1, 4, 6, 7295.23
1436798885, 84, 5, 30, 0, 0, 0.04%, 1, 4, 6, 5136.75
1436798890, 84, 8, 30, 0, 0, 0.04%, 1, 4, 6, 4671.56
1436798895, 84, 14, 30, 0, 0, 0.04%, 1, 4, 6, 7060.76
1436798900, 85, 5, 30, 0, 0, 0.04%, 1, 4, 6, 5515.28
1436798905, 85, 9, 30, 0, 0, 0.04%, 1, 4, 6, 4594.16
1436798910, 85, 14, 30, 0, 0, 0.04%, 1, 4, 6, 6964.10
1436798916, 86, 1, 30, 0, 0, 0.04%, 1, 4, 6, 5891.11
1436798921, 86, 5, 30, 0, 0, 0.04%, 1, 4, 6, 4561.37
1436798926, 86, 10, 30, 0, 0, 0.04%, 1, 4, 6, 6888.73
1436798931, 86, 17, 30, 0, 0, 0.04%, 1, 4, 6, 6519.95
1436798936, 87, 3, 30, 0, 0, 0.04%, 1, 4, 6, 4622.72
1436798941, 87, 8, 30, 0, 0, 0.04%, 1, 4, 6, 6589.53
1436798946, 87, 14, 30, 0, 0, 0.04%, 1, 4, 6, 7173.54
1436798951, 88, 0, 30, 0, 0, 0.04%, 1, 4, 6, 4674.57
1436798956, 88, 6, 30, 0, 0, 0.04%, 1, 4, 6, 6280.24
1436798961, 88, 12, 30, 0, 0, 0.04%, 1, 4, 6, 7515.69
1436798967, 88, 14, 30, 0, 0, 0.04%, 1, 4, 6, 4736.30
1436798972, 89, 5, 30, 0, 0, 0.04%, 1, 4, 6, 6034.94
1436798977, 89, 11, 30, 0, 0, 0.04%, 1, 4, 6, 7455.38
1436798982, 89, 14, 30, 0, 0, 0.04%, 1, 5, 6, 4773.56
1436798987, 90, 5, 30, 0, 0, 0.04%, 1, 5, 6, 5726.13
1436798992, 90, 10, 30, 0, 0, 0.04%, 1, 5, 6, 7325.25
1436798998, 90, 14, 30, 0, 0, 0.04%, 1, 5, 6, 4864.90
1436799003, 90, 19, 30, 0, 0, 0.04%, 1, 5, 6, 5334.26
1436799008, 91, 5, 30, 0, 0, 0.04%, 1, 5, 6, 7308.40
1436799013, 91, 9, 30, 0, 0, 0.04%, 1, 5, 6, 5130.93
1436799018, 91, 12, 30, 0, 0, 0.04%, 1, 5, 6, 4812.94
1436799023, 92, 5, 30, 0, 0, 0.04%, 1, 5, 6, 7196.74
1436799028, 92, 8, 30, 0, 0, 0.04%, 1, 5, 6, 5448.53
1436799033, 92, 12, 30, 0, 0, 0.04%, 1, 5, 6, 4558.34
1436799039, 92, 18, 30, 0, 0, 0.04%, 1, 5, 6, 7020.86
1436799044, 93, 6, 30, 0, 0, 0.04%, 1, 5, 6, 5881.92
1436799049, 93, 9, 30, 0, 0, 0.04%, 1, 5, 6, 4625.42
1436799054, 93, 14, 30, 0, 0, 0.04%, 1, 5, 6, 6929.00
1436799059, 94, 5, 30, 0, 0, 0.04%, 1, 5, 6, 6321.72
1436799064, 94, 8, 30, 0, 0, 0.04%, 1, 5, 6, 4641.54
1436799069, 94, 13, 30, 0, 0, 0.04%, 1, 5, 6, 6738.23
1436799075, 94, 23, 30, 0, 0, 0.04%, 1, 5, 6, 6779.61
1436799080, 94, 28, 30, 0, 0, 0.04%, 1, 5, 6, 4592.03
1436799085, 95, 5, 30, 0, 0, 0.04%, 1, 5, 6, 6412.43
1436799090, 95, 12, 30, 0, 0, 0.04%, 1, 5, 6, 7496.89
1436799095, 95, 14, 30, 0, 0, 0.04%, 1, 5, 6, 4703.13
1436799100, 96, 5, 30, 0, 0, 0.04%, 1, 5, 6, 6218.78
1436799105, 96, 12, 30, 0, 0, 0.04%, 1, 5, 6, 7477.50
1436799110, 96, 14, 30, 0, 0, 0.04%, 1, 5, 6, 4760.76
1436799116, 97, 5, 30, 0, 0, 0.04%, 1, 5, 6, 5776.81
1436799121, 97, 10, 30, 0, 0, 0.04%, 1, 5, 6, 7395.68
1436799126, 97, 12, 30, 0, 0, 0.04%, 1, 5, 6, 4841.32
1436799131, 97, 21, 30, 0, 0, 0.04%, 1, 5, 6, 5318.24
1436799136, 98, 5, 30, 0, 0, 0.04%, 1, 5, 6, 7316.14
1436799141, 98, 9, 30, 0, 0, 0.04%, 1, 5, 6, 5127.02
1436799146, 98, 12, 30, 0, 0, 0.04%, 1, 5, 6, 4762.32
1436799151, 98, 23, 30, 0, 0, 0.04%, 1, 5, 6, 7120.47
1436799156, 99, 2, 30, 0, 0, 0.04%, 1, 5, 6, 5454.51
1436799162, 99, 5, 30, 0, 0, 0.04%, 1, 5, 6, 4519.58
1436799167, 99, 10, 30, 0, 0, 0.04%, 1, 5, 6, 7076.17
1436799172, 100, 1, 30, 0, 0, 0.04%, 1, 5, 6, 5902.59
1436799177, 100, 5, 30, 0, 0, 0.04%, 1, 5, 6, 4612.01
1436799182, 100, 10, 30, 0, 0, 0.04%, 1, 5, 6, 6872.60
1436799187, 101, 0, 30, 0, 0, 0.04%, 1, 5, 6, 6542.36
1436799192, 101, 5, 30, 0, 0, 0.04%, 1, 5, 6, 4650.00
1436799197, 101, 10, 30, 0, 0, 0.04%, 1, 5, 6, 6637.96
1436799202, 102, 0, 30, 0, 0, 0.04%, 1, 5, 6, 7280.45
1436799207, 102, 5, 30, 0, 0, 0.04%, 1, 5, 6, 4687.56
1436799213, 102, 9, 30, 0, 0, 0.04%, 1, 5, 6, 6277.09
1436799218, 102, 14, 30, 0, 0, 0.04%, 1, 5, 6, 7461.58
1436799223, 103, 4, 30, 0, 0, 0.04%, 1, 5, 6, 4768.37
1436799228, 103, 7, 30, 0, 0, 0.04%, 1, 5, 6, 6121.91
1436799233, 103, 12, 30, 0, 0, 0.04%, 1, 5, 6, 7483.98
1436799238, 103, 22, 30, 0, 0, 0.04%, 1, 5, 6, 4737.85
1436799243, 104, 5, 30, 0, 0, 0.04%, 1, 5, 6, 5712.77
1436799249, 104, 10, 30, 0, 0, 0.04%, 1, 5, 6, 7388.62
1436799254, 104, 14, 30, 0, 0, 0.04%, 1, 5, 6, 4909.91
1436799259, 104, 26, 30, 0, 0, 0.04%, 1, 5, 6, 5381.46
1436799264, 105, 6, 30, 0, 0, 0.04%, 1, 5, 6, 7335.71
1436799269, 105, 10, 30, 0, 0, 0.04%, 1, 5, 6, 5111.54
1436799274, 105, 14, 30, 0, 0, 0.04%, 1, 5, 6, 4788.14
1436799280, 106, 5, 30, 0, 0, 0.04%, 1, 5, 6, 7217.38
1436799285, 106, 8, 30, 0, 0, 0.04%, 1, 5, 6, 5476.90
1436799290, 106, 10, 30, 0, 0, 0.04%, 1, 5, 6, 4586.41
1436799295, 107, 3, 30, 0, 0, 0.04%, 1, 5, 6, 7077.65
1436799300, 107, 8, 30, 0, 0, 0.04%, 1, 5, 6, 5876.68
1436799305, 107, 12, 30, 0, 0, 0.04%, 1, 5, 6, 4579.66
1436799310, 107, 16, 30, 0, 0, 0.04%, 1, 5, 6, 6879.05
1436799315, 108, 5, 30, 0, 0, 0.04%, 1, 5, 6, 6496.36
1436799320, 108, 8, 30, 0, 0, 0.04%, 1, 5, 6, 4654.02
1436799325, 108, 12, 30, 0, 0, 0.04%, 1, 5, 6, 6618.15
1436799331, 109, 1, 30, 0, 0, 0.04%, 1, 5, 6, 6977.69
1436799336, 109, 5, 30, 0, 0, 0.04%, 1, 5, 6, 4635.68
1436799341, 109, 9, 30, 0, 0, 0.04%, 1, 5, 6, 6385.42
1436799346, 109, 15, 30, 0, 0, 0.04%, 1, 5, 6, 7522.67
1436799351, 109, 22, 30, 0, 0, 0.04%, 1, 5, 6, 4708.46
1436799356, 110, 2, 30, 0, 0, 0.04%, 1, 5, 6, 6067.38
1436799361, 110, 8, 30, 0, 0, 0.04%, 1, 5, 6, 7435.60
1436799367, 110, 12, 30, 0, 0, 0.04%, 1, 5, 6, 4753.40
1436799372, 110, 20, 30, 0, 0, 0.04%, 1, 5, 6, 5791.88
1436799377, 111, 2, 30, 0, 0, 0.04%, 1, 5, 6, 7376.81
1436799382, 111, 6, 30, 0, 0, 0.04%, 1, 5, 6, 4923.94
1436799387, 111, 10, 30, 0, 0, 0.04%, 1, 5, 6, 5258.45
1436799392, 112, 2, 30, 0, 0, 0.04%, 1, 5, 6, 7233.94
1436799397, 112, 6, 30, 0, 0, 0.04%, 1, 5, 6, 5242.94
1436799402, 112, 9, 30, 0, 0, 0.04%, 1, 5, 6, 4577.00
1436799407, 112, 27, 30, 0, 0, 0.04%, 1, 5, 6, 7141.52
1436799412, 113, 5, 30, 0, 0, 0.04%, 1, 5, 6, 5615.05
1436799418, 113, 7, 30, 0, 0, 0.04%, 1, 5, 6, 4575.38
1436799423, 113, 12, 30, 0, 0, 0.04%, 1, 5, 6, 6985.56
1436799428, 113, 18, 30, 0, 0, 0.04%, 1, 5, 6, 6054.45
1436799433, 114, 3, 30, 0, 0, 0.04%, 1, 5, 6, 4609.81
1436799438, 114, 8, 30, 0, 0, 0.04%, 1, 5, 6, 6856.24
1436799443, 114, 12, 30, 0, 0, 0.04%, 1, 5, 6, 6650.84
1436799448, 114, 20, 30, 0, 0, 0.04%, 1, 5, 6, 4635.81
1436799453, 115, 3, 30, 0, 0, 0.04%, 1, 5, 6, 6520.04
1436799459, 115, 9, 30, 0, 0, 0.04%, 1, 5, 6, 7159.26
1436799464, 115, 12, 30, 0, 0, 0.04%, 1, 5, 6, 4682.77
1436799469, 116, 2, 30, 0, 0, 0.04%, 1, 5, 6, 6422.67
1436799474, 116, 9, 30, 0, 0, 0.04%, 1, 5, 6, 7535.74
1436799479, 116, 12, 30, 0, 0, 0.04%, 1, 5, 6, 4713.96
1436799484, 117, 2, 30, 0, 0, 0.04%, 1, 5, 6, 6093.09
1436799490, 117, 9, 30, 0, 0, 0.04%, 1, 5, 6, 7470.08
1436799495, 117, 12, 30, 0, 0, 0.04%, 1, 5, 6, 4737.78
1436799500, 117, 28, 30, 0, 0, 0.04%, 1, 5, 6, 5682.26
1436799505, 118, 7, 30, 0, 0, 0.04%, 1, 5, 6, 7397.42
1436799510, 118, 10, 30, 0, 0, 0.04%, 1, 5, 6, 4882.39
1436799515, 118, 14, 30, 0, 0, 0.04%, 1, 5, 6, 5471.31
1436799521, 119, 6, 30, 0, 0, 0.04%, 1, 5, 6, 7274.53
1436799526, 119, 10, 30, 0, 0, 0.04%, 1, 5, 6, 5114.46
1436799531, 119, 14, 30, 0, 0, 0.04%, 1, 5, 6, 4834.91
1436799536, 120, 3, 30, 0, 0, 0.04%, 1, 5, 6, 7160.41
1436799541, 120, 8, 30, 0, 0, 0.04%, 1, 5, 6, 5538.81
1436799546, 120, 10, 30, 0, 0, 0.04%, 1, 5, 6, 4578.04
1436799551, 120, 22, 30, 0, 0, 0.04%, 1, 5, 6, 6967.45
1436799556, 121, 6, 30, 0, 0, 0.04%, 1, 5, 6, 6018.86
1436799561, 121, 9, 30, 0, 0, 0.04%, 1, 5, 6, 4621.01
1436799566, 121, 14, 30, 0, 0, 0.04%, 1, 5, 6, 6844.20
1436799571, 122, 5, 30, 0, 0, 0.04%, 1, 5, 6, 6605.63
1436799576, 122, 7, 30, 0, 0, 0.04%, 1, 5, 6, 4664.19
1436799582, 122, 12, 30, 0, 0, 0.04%, 1, 5, 6, 6622.12
1436799587, 122, 21, 30, 0, 0, 0.04%, 1, 5, 6, 7307.73
1436799592, 122, 25, 30, 0, 0, 0.04%, 1, 6, 6, 4532.11
1436799597, 123, 6, 30, 0, 0, 0.04%, 1, 6, 6, 6252.35
1436799602, 123, 12, 30, 0, 0, 0.04%, 1, 6, 6, 7440.58
1436799607, 123, 14, 30, 0, 0, 0.04%, 1, 6, 6, 4699.57
1436799612, 124, 2, 30, 0, 0, 0.04%, 1, 6, 6, 5607.38
1436799617, 124, 8, 30, 0, 0, 0.04%, 1, 6, 6, 7054.04
1436799623, 124, 12, 30, 0, 0, 0.04%, 1, 6, 6, 4452.26
1436799628, 124, 14, 30, 0, 0, 0.04%, 1, 6, 6, 3744.34
1436799633, 124, 17, 30, 0, 0, 0.04%, 1, 6, 6, 3617.22
1436799638, 125, 1, 30, 0, 0, 0.04%, 1, 6, 6, 3622.78
1436799643, 125, 5, 30, 0, 0, 0.04%, 1, 6, 6, 3613.71
1436799648, 125, 7, 30, 0, 0, 0.04%, 1, 6, 6, 3607.02
1436799653, 125, 10, 30, 0, 0, 0.04%, 1, 6, 6, 3625.76
1436799658, 125, 11, 30, 0, 0, 0.04%, 1, 6, 6, 3635.35
1436799663, 125, 14, 30, 0, 0, 0.04%, 1, 6, 6, 3630.37
1436799668, 125, 25, 30, 0, 0, 0.04%, 1, 6, 6, 3607.87
1436799673, 126, 2, 30, 0, 0, 0.04%, 1, 6, 6, 3472.25
1436799679, 126, 5, 30, 0, 0, 0.04%, 1, 6, 6, 3539.99
1436799684, 126, 8, 30, 0, 0, 0.04%, 1, 6, 6, 3577.77
1436799689, 126, 10, 30, 0, 0, 0.04%, 1, 6, 6, 3612.06
1436799694, 126, 14, 30, 0, 0, 0.04%, 1, 6, 6, 3620.36
1436799699, 126, 26, 30, 0, 0, 0.04%, 1, 6, 6, 3595.44
1436799704, 126, 28, 30, 0, 0, 0.04%, 1, 6, 6, 3540.52
1436799709, 127, 5, 30, 0, 0, 0.04%, 1, 6, 6, 3621.65
1436799714, 127, 6, 30, 0, 0, 0.04%, 1, 6, 6, 3589.64
1436799719, 127, 9, 30, 0, 0, 0.04%, 1, 6, 6, 3610.70
1436799724, 127, 12, 30, 0, 0, 0.04%, 1, 6, 6, 3624.82
1436799729, 127, 14, 30, 0, 0, 0.04%, 1, 6, 6, 3612.82
1436799734, 128, 5, 30, 0, 0, 0.04%, 1, 6, 6, 3619.44
1436799739, 128, 6, 30, 0, 0, 0.04%, 1, 6, 6, 3595.58
1436799744, 128, 9, 30, 0, 0, 0.04%, 1, 6, 6, 3612.66
1436799750, 128, 12, 30, 0, 0, 0.04%, 1, 6, 6, 3173.97
1436799755, 128, 14, 30, 0, 0, 0.04%, 1, 6, 6, 2780.41
1436799760, 128, 15, 30, 0, 0, 0.04%, 1, 6, 6, 2366.31
1436799765, 128, 27, 30, 0, 0, 0.04%, 1, 6, 6, 2934.25
1436799770, 129, 3, 30, 0, 0, 0.04%, 1, 6, 6, 3503.45
1436799775, 129, 6, 30, 0, 0, 0.04%, 1, 6, 6, 3583.71
1436799780, 129, 9, 30, 0, 0, 0.04%, 1, 6, 6, 3646.57
1436799785, 129, 12, 30, 0, 0, 0.04%, 1, 6, 6, 3607.86
1436799790, 129, 14, 30, 0, 0, 0.04%, 1, 6, 6, 3623.03
1436799795, 130, 2, 30, 0, 0, 0.04%, 1, 6, 6, 3626.51
1436799800, 130, 5, 30, 0, 0, 0.04%, 1, 6, 6, 3604.49
1436799805, 130, 7, 30, 0, 0, 0.04%, 1, 6, 6, 3622.56
1436799810, 130, 10, 30, 0, 0, 0.04%, 1, 6, 6, 3642.02
1436799815, 130, 12, 30, 0, 0, 0.04%, 1, 6, 6, 3592.77
1436799820, 130, 14, 30, 0, 0, 0.04%, 1, 6, 6, 3555.48
1436799826, 131, 3, 30, 0, 0, 0.04%, 1, 6, 6, 6071.65
1436799831, 131, 9, 30, 0, 0, 0.04%, 1, 6, 6, 7470.66
1436799836, 131, 14, 30, 0, 0, 0.04%, 1, 6, 6, 7808.75
1436799841, 132, 5, 30, 0, 0, 0.04%, 1, 6, 6, 7798.39
1436799846, 132, 10, 30, 0, 0, 0.04%, 1, 6, 6, 7831.28
1436799851, 133, 0, 30, 0, 0, 0.04%, 1, 6, 6, 7826.68
1436799856, 133, 7, 30, 0, 0, 0.04%, 1, 6, 6, 7870.08
1436799861, 133, 14, 30, 0, 0, 0.04%, 1, 6, 6, 7831.91
1436799866, 134, 5, 30, 0, 0, 0.04%, 1, 6, 6, 5644.30
1436799871, 134, 9, 30, 0, 0, 0.04%, 1, 6, 6, 7258.80
1436799877, 134, 14, 30, 0, 0, 0.04%, 1, 6, 6, 5960.06
1436799882, 134, 24, 30, 0, 0, 0.04%, 1, 6, 6, 4627.02
1436799887, 135, 7, 30, 0, 0, 0.04%, 1, 6, 6, 6951.45
1436799892, 135, 12, 30, 0, 0, 0.04%, 1, 6, 6, 6327.06
1436799897, 135, 14, 30, 0, 0, 0.04%, 1, 6, 6, 4645.59
1436799902, 136, 2, 30, 0, 0, 0.04%, 1, 6, 6, 6764.99
1436799907, 136, 8, 30, 0, 0, 0.04%, 1, 6, 6, 6741.76
1436799913, 136, 10, 30, 0, 0, 0.04%, 1, 6, 6, 4644.59
1436799918, 136, 27, 30, 0, 0, 0.04%, 1, 6, 6, 6535.14
1436799923, 137, 6, 30, 0, 0, 0.04%, 1, 6, 6, 7265.31
1436799928, 137, 9, 30, 0, 0, 0.04%, 1, 6, 6, 4729.90
1436799933, 137, 14, 30, 0, 0, 0.04%, 1, 6, 6, 6404.56
1436799938, 138, 6, 30, 0, 0, 0.04%, 1, 6, 6, 7564.92
1436799943, 138, 9, 30, 0, 0, 0.04%, 1, 6, 6, 4760.67
1436799949, 138, 12, 30, 0, 0, 0.04%, 1, 6, 6, 6053.03
1436799954, 139, 5, 30, 0, 0, 0.04%, 1, 6, 6, 7493.70
1436799959, 139, 9, 30, 0, 0, 0.04%, 1, 6, 6, 4813.40
1436799964, 139, 12, 30, 0, 0, 0.04%, 1, 6, 6, 5608.80
1436799969, 140, 5, 30, 0, 0, 0.04%, 1, 6, 6, 7401.16
1436799974, 140, 9, 30, 0, 0, 0.04%, 1, 6, 6, 5088.90
1436799979, 140, 12, 30, 0, 0, 0.04%, 1, 6, 6, 5031.96
1436799984, 141, 5, 30, 0, 0, 0.04%, 1, 6, 6, 7231.12
1436799989, 141, 8, 30, 0, 0, 0.04%, 1, 6, 6, 5473.50
1436799994, 141, 12, 30, 0, 0, 0.04%, 1, 6, 6, 4615.01
1436800000, 142, 2, 30, 0, 0, 0.04%, 1, 6, 6, 7111.29
1436800005, 142, 7, 30, 0, 0, 0.04%, 1, 6, 6, 5857.77
1436800010, 142, 10, 30, 0, 0, 0.04%, 1, 7, 6, 4542.34
1436800015, 142, 14, 30, 0, 0, 0.04%, 1, 7, 6, 6953.65
1436800020, 143, 6, 30, 0, 0, 0.04%, 1, 7, 6, 6333.65
1436800025, 143, 9, 30, 0, 0, 0.04%, 1, 7, 6, 4646.64
1436800030, 143, 14, 30, 0, 0, 0.04%, 1, 7, 6, 6772.57
1436800036, 144, 6, 30, 0, 0, 0.04%, 1, 7, 6, 6674.25
1436800041, 144, 9, 30, 0, 0, 0.04%, 1, 7, 6, 4649.41
1436800046, 144, 14, 30, 0, 0, 0.04%, 1, 7, 6, 6506.02
1436800051, 145, 5, 30, 0, 0, 0.04%, 1, 7, 6, 7250.40
1436800056, 145, 9, 30, 0, 0, 0.04%, 1, 7, 6, 4668.95
1436800061, 145, 14, 30, 0, 0, 0.04%, 1, 7, 6, 6264.03
1436800066, 146, 3, 30, 0, 0, 0.04%, 1, 7, 6, 7349.74
1436800071, 146, 6, 30, 0, 0, 0.04%, 1, 7, 6, 4686.88
1436800076, 146, 10, 30, 0, 0, 0.04%, 1, 7, 6, 5887.28
1436800082, 146, 17, 30, 0, 0, 0.04%, 1, 7, 6, 7397.44
1436800087, 147, 5, 30, 0, 0, 0.04%, 1, 7, 6, 4867.92
1436800092, 147, 8, 30, 0, 0, 0.04%, 1, 7, 6, 5357.30
1436800097, 147, 14, 30, 0, 0, 0.04%, 1, 7, 6, 7362.19
1436800102, 148, 2, 30, 0, 0, 0.04%, 1, 7, 6, 5169.14
1436800107, 148, 5, 30, 0, 0, 0.04%, 1, 7, 6, 4799.56
1436800112, 148, 10, 30, 0, 0, 0.04%, 1, 7, 6, 7275.23
1436800117, 148, 15, 30, 0, 0, 0.04%, 1, 7, 6, 5523.54
1436800122, 149, 2, 30, 0, 0, 0.04%, 1, 7, 6, 4615.95
1436800128, 149, 8, 30, 0, 0, 0.04%, 1, 7, 6, 7115.91
1436800133, 149, 14, 30, 0, 0, 0.04%, 1, 7, 6, 5764.44
1436800138, 149, 18, 30, 0, 0, 0.04%, 1, 7, 6, 4582.02
1436800143, 150, 7, 30, 0, 0, 0.04%, 1, 7, 6, 6956.14
1436800148, 150, 12, 30, 0, 0, 0.04%, 1, 7, 6, 6342.93
1436800153, 150, 14, 30, 0, 0, 0.04%, 1, 7, 6, 4651.80
1436800158, 151, 5, 30, 0, 0, 0.04%, 1, 7, 6, 6755.15
1436800163, 151, 10, 30, 0, 0, 0.04%, 1, 7, 6, 7043.55
1436800169, 151, 14, 30, 0, 0, 0.04%, 1, 8, 6, 4643.95
1436800174, 152, 3, 30, 0, 0, 0.04%, 1, 8, 6, 6491.94
1436800179, 152, 9, 30, 0, 0, 0.04%, 1, 8, 6, 7495.19
1436800184, 152, 12, 30, 0, 0, 0.04%, 1, 8, 6, 4685.08
1436800189, 153, 2, 30, 0, 0, 0.04%, 1, 8, 6, 6197.84
1436800194, 153, 7, 30, 0, 0, 0.04%, 1, 8, 6, 7430.34
1436800199, 153, 10, 30, 0, 0, 0.04%, 1, 8, 6, 4783.47
1436800204, 153, 14, 30, 0, 0, 0.04%, 1, 8, 6, 5738.65
1436800209, 154, 5, 30, 0, 0, 0.04%, 1, 8, 6, 7354.54
1436800215, 154, 9, 30, 0, 0, 0.04%, 1, 8, 6, 4941.83
1436800220, 154, 12, 30, 0, 0, 0.04%, 1, 8, 6, 5170.16
1436800225, 155, 5, 30, 0, 0, 0.04%, 1, 8, 6, 7356.15
1436800230, 155, 8, 30, 0, 0, 0.04%, 1, 8, 6, 5300.32
1436800235, 155, 12, 30, 0, 0, 0.04%, 1, 8, 6, 4588.66
1436800240, 156, 1, 30, 0, 0, 0.04%, 1, 8, 6, 7193.25
1436800245, 156, 6, 30, 0, 0, 0.04%, 1, 8, 6, 5716.37
1436800250, 156, 10, 30, 0, 0, 0.04%, 1, 8, 6, 4401.44
1436800255, 156, 12, 30, 0, 0, 0.04%, 1, 8, 6, 6260.50
1436800260, 157, 3, 30, 0, 0, 0.04%, 1, 8, 6, 7543.62
1436800266, 157, 6, 30, 0, 0, 0.04%, 1, 8, 6, 4679.48
